size(480,120);
//point(120,70);
//line(20,50,420,110);
//quad(30,40,25,50,60,70,89,100);
//triangle(158,55,290,91,290,112);
//rect(180,60,220,40);

ellipse(278,-100,400,400);
ellipse(120,100,110,110);
ellipse(412,60,18,18);

//size(480,120);
//arc(90,60,80,80,0,HALF_PI);
//arc(190,60,80,80,0,PI+HALF_PI);
//arc(290,60,80,80,PI,TWO_PI+HALF_PI);
//arc(390,60,80,80,0,PI+QUARTER_PI);

//size(480,120);
//arc(90,60,80,80,0,radians(90));
//arc(190,60,80,80,0,radians(270));
//arc(290,60,80,80,0,radians(180),radians(450);
//arc(390,60,80,80,0,radians(45),radians(225));

size(480,120);

size(480,120);
ellipse(140,0,190);
rect(160,30,260,20);

